 1.0: {'bgd': {'round_wise_task_accuracies': [[95.43],
    [96.69],
    [96.75],
    [97.14],
    [96.7, 96.18],
    [95.08, 96.63],
    [92.57, 96.87],
    [89.2, 97.0],
    [82.79, 97.12],
    [66.68, 96.74, 95.68],
    [62.87, 95.5, 96.39],
    [49.85, 94.46, 96.67],
    [48.79, 92.14, 96.82],
    [43.45, 86.76, 96.76],
    [40.5, 80.33, 96.12, 95.31],
    [41.35, 75.28, 94.49, 96.28],
    [38.65, 72.24, 92.64, 96.35],
    [36.76, 66.45, 89.08, 96.46],
    [31.61, 56.08, 83.15, 96.6],
    [25.55, 49.62, 71.02, 96.28, 94.76],
    [24.97, 48.99, 65.89, 94.14, 95.84],
    [22.69, 43.66, 63.27, 91.9, 96.2],
    [25.98, 41.51, 57.68, 86.22, 96.18],
    [22.55, 40.85, 53.01, 81.55, 96.34],
    [21.13, 38.36, 47.94, 75.56, 96.11, 94.73],
    [21.53, 39.09, 44.05, 72.67, 94.71, 95.57],
    [24.73, 38.92, 40.33, 71.1, 84.35, 94.34],
    [22.02, 34.54, 34.97, 62.37, 83.78, 95.8],
    [21.37, 30.9, 31.98, 54.71, 78.22, 95.96],
    [20.13, 30.26, 29.51, 44.7, 68.38, 95.53, 94.4],
    [18.14, 27.1, 28.99, 40.61, 62.63, 94.24, 94.99],
    [16.47, 26.18, 28.97, 33.87, 59.68, 91.4, 94.95],
    [16.49, 21.65, 22.62, 26.94, 51.48, 86.47, 95.88],
    [16.57, 16.72, 21.39, 23.12, 45.75, 82.38, 95.78],
    [15.35, 15.38, 18.5, 21.95, 43.24, 77.36, 95.47, 93.93],
    [13.39, 18.33, 17.88, 20.44, 33.35, 65.22, 89.04, 91.89],
    [11.68, 18.17, 17.34, 17.38, 27.61, 57.59, 81.92, 87.77],
    [15.64, 16.01, 19.84, 20.72, 25.55, 49.34, 72.59, 95.74],
    [15.56, 14.8, 16.31, 17.44, 22.63, 47.34, 60.13, 95.86],
    [15.41, 15.28, 16.21, 17.06, 21.69, 43.74, 49.92, 95.47, 93.27],
    [13.5, 16.27, 15.31, 14.89, 19.27, 37.7, 41.95, 93.56, 91.85],
    [13.09, 17.72, 15.33, 14.56, 20.93, 37.16, 39.65, 88.78, 93.57],
    [14.61, 17.38, 12.29, 15.37, 17.82, 36.7, 36.89, 84.47, 95.57],
    [15.32, 16.23, 10.99, 16.02, 17.75, 33.78, 34.96, 75.45, 95.58],
    [14.4, 18.24, 9.86, 16.54, 19.19, 29.24, 31.87, 70.56, 94.88, 90.41],
    [14.17, 18.63, 8.29, 17.09, 19.05, 31.0, 32.04, 56.6, 89.53, 92.79],
    [13.23, 17.46, 8.47, 14.35, 19.12, 27.49, 29.25, 56.52, 87.08, 86.47],
    [12.62, 18.07, 8.4, 14.87, 18.23, 24.92, 32.01, 53.21, 85.37, 95.01],
    [12.15, 18.56, 9.06, 15.69, 17.25, 25.09, 33.8, 50.04, 84.15, 95.46],
    [12.43, 18.06, 8.86, 14.85, 18.77, 23.95, 33.32, 51.16, 82.94, 95.62]]}}}