****************************************************************************************************
Writing results to perm_mnist_10_tasks_100_epochs_0.1_lr_sgd_optim_4_beta_06:57_01-07-2024
Task-wise accuracies sgd_optim after all rounds are [[0.966], [0.151, 0.975], [0.129, 0.11, 0.975], [0.148, 0.12, 0.128, 0.973], [0.123, 0.133, 0.08, 0.192, 0.975], [0.106, 0.12, 0.101, 0.095, 0.126, 0.973], [0.091, 0.101, 0.086, 0.102, 0.095, 0.145, 0.976], [0.1, 0.074, 0.104, 0.122, 0.087, 0.08, 0.171, 0.974], [0.092, 0.1, 0.076, 0.095, 0.101, 0.113, 0.124, 0.15, 0.972], [0.096, 0.104, 0.075, 0.094, 0.1, 0.127, 0.113, 0.135, 0.275, 0.977]]
Task-wise losses sgd_optim after all rouds are [[0.121], [2.673, 0.083], [2.781, 2.688, 0.083], [2.518, 2.799, 2.551, 0.085], [2.596, 2.554, 2.985, 2.33, 0.081], [2.9, 2.712, 3.207, 2.842, 2.571, 0.083], [2.934, 3.146, 2.97, 2.727, 2.917, 2.688, 0.084], [2.992, 3.346, 2.799, 2.79, 2.971, 2.687, 2.522, 0.085], [3.092, 3.082, 3.098, 3.119, 3.513, 2.768, 2.854, 2.613, 0.089], [3.094, 2.977, 2.903, 3.02, 3.091, 2.943, 2.706, 2.598, 2.175, 0.071]]
Average accuracies sgd_optim after all rouds are [0.966, 0.563, 0.405, 0.342, 0.301, 0.254, 0.228, 0.214, 0.203, 0.21]
Average losses after sgd_optim all rouds are [0.121, 1.378, 1.851, 1.988, 2.109, 2.386, 2.495, 2.524, 2.692, 2.558]

****************************************************************************************************
Writing results to perm_mnist_10_tasks_100_epochs_0.1_mean_eta_bgd_optim_4_beta_06:55_01-07-2024
Task-wise accuracies bgd_optim after all rounds are [[0.937], [0.875, 0.945], [0.743, 0.894, 0.946], [0.604, 0.792, 0.889, 0.947], [0.466, 0.652, 0.766, 0.912, 0.944], [0.387, 0.544, 0.616, 0.818, 0.897, 0.944], [0.36, 0.396, 0.517, 0.693, 0.789, 0.876, 0.942], [0.312, 0.304, 0.475, 0.593, 0.674, 0.745, 0.856, 0.944], [0.27, 0.284, 0.423, 0.483, 0.525, 0.654, 0.688, 0.906, 0.945], [0.252, 0.238, 0.339, 0.386, 0.368, 0.562, 0.558, 0.865, 0.904, 0.946]]
Task-wise losses bgd_optim after all rouds are [[0.207], [0.384, 0.183], [0.819, 0.329, 0.175], [1.267, 0.64, 0.344, 0.166], [1.748, 1.148, 0.775, 0.268, 0.178], [2.165, 1.513, 1.429, 0.534, 0.316, 0.176], [2.533, 2.245, 2.017, 0.914, 0.674, 0.402, 0.179], [3.185, 2.782, 2.285, 1.368, 1.028, 0.794, 0.44, 0.176], [3.576, 2.898, 2.76, 1.906, 1.522, 1.127, 0.94, 0.287, 0.175], [4.315, 3.474, 3.642, 2.529, 2.433, 1.525, 1.608, 0.416, 0.316, 0.18]]
Average accuracies bgd_optim after all rouds are [0.937, 0.91, 0.861, 0.808, 0.748, 0.701, 0.653, 0.613, 0.575, 0.542]
Average losses bgd_optim after all rouds are [0.207, 0.284, 0.441, 0.604, 0.823, 1.022, 1.281, 1.507, 1.688, 2.044]
